Heat capacity:
Numerical: 1.4996189035 +- 0.0006703082
Analytical: 1250.0000000000